1000000
1000
1330
**********************
1000000
1000
77.8293
**********************
1000000
1000
6.46341
**********************
1000000
10000
12499.5
**********************
1000000
10000
75.2195
**********************
1000000
10000
6.41463
**********************
2000000
1000
2482.5
**********************
2000000
1000
180.854
**********************
2000000
1000
15.8537
**********************
2000000
10000
32744
**********************
2000000
10000
181.878
**********************
2000000
10000
16.4146
**********************
3000000
1000
4475
**********************
3000000
1000
273.171
**********************
3000000
1000
26.4146
**********************
3000000
10000
45197.5
**********************
3000000
10000
272.317
**********************
3000000
10000
24.5122
**********************
4000000
1000
6041.5
**********************
4000000
1000
363.61
**********************
4000000
1000
33.439
**********************
4000000
10000
63704.5
**********************
4000000
10000
423.512
**********************
4000000
10000
42.2195
**********************
5000000
1000
7472.5
**********************
5000000
1000
456.049
**********************
5000000
1000
40.4878
**********************
5000000
10000
74366.5
**********************
5000000
10000
456.61
**********************
5000000
10000
60.7561
**********************
6000000
1000
9204
**********************
6000000
1000
551.39
**********************
6000000
1000
49.2439
**********************
6000000
10000
89791.5
**********************
6000000
10000
544.122
**********************
6000000
10000
50.0488
**********************
7000000
1000
10452.5
**********************
7000000
1000
868.024
**********************
7000000
1000
105.024
**********************
7000000
10000
127292
**********************
7000000
10000
771.951
**********************
7000000
10000
74.3171
**********************
8000000
1000
14104.5
**********************
8000000
1000
961.415
**********************
8000000
1000
172.951
**********************
8000000
10000
129438
**********************
8000000
10000
877.732
**********************
8000000
10000
81.2439
**********************
9000000
1000
16078
**********************
9000000
1000
952.976
**********************
9000000
1000
207.927
**********************
9000000
10000
164071
**********************
9000000
10000
1046.51
**********************
9000000
10000
96.3171
**********************
10000000
1000
16064.5
**********************
10000000
1000
1108.39
**********************
10000000
1000
148.293
**********************
10000000
10000
181750
**********************
10000000
10000
1155.95
**********************
10000000
10000
101.122
**********************
